 0.06032
  0.3496
  0.1685
  0.6587
  0.4615
 0.01334
   0.315
   1.426
  0.3107
  0.2851
  0.1705
 0.04839
  0.1255
  0.1218
  0.2731
 0.05385
 0.07832
 0.0003767
 0.06317
 0.004581
  0.2193
 0.02324
 0.07412
  0.1128
  0.2938
  0.5059
  0.0643
  0.3003
  0.6008
  0.1663
  0.4576
  0.1014
  0.1948
  0.2592
 0.06946
   0.048
 0.09006
  0.0457
 0.003162
 0.06906
  0.7163
  0.1289
 0.02728
  0.1055
  0.1552
 0.05906
 0.06002
  0.1908
  0.1399
 0.01357
  0.2231
  0.3111
  0.2495
  0.3118
 0.07747
 0.04726
  0.1359
   0.055
  0.4964
 0.02484
  0.2451
  0.2551
  0.8687
 0.06207
  0.3363
  0.1764
  0.5714
  0.1399
  0.5602
  0.3293
 0.02929
 0.07584
  0.5336
  0.1522
  0.5232
  0.1028
  0.1101
  0.2107
  0.2709
 0.05287
  0.4653
 0.08747
 0.03005
  0.1885
  0.2894
  0.2398
  0.4097
 0.05389
 0.09626
 0.03687
  0.5767
 0.06275
  0.0356
 0.05451
  0.2306
   0.442
  0.1915
  0.5513
  0.3201
  0.3989
  0.1061
  0.1038
  0.1145
 0.02136
  0.1178
  0.1246
 0.05835
 0.05037
   0.457
 0.03826
  0.1285
 0.02549
 0.07217
  0.1019
  0.6148
  0.1459
  0.1849
  0.0916
 0.05507
  0.1552
 0.04905
 0.05366
  0.2038
 0.06183
  0.0214
  0.2096
 0.06335
 0.07114
  0.3325
 0.07384
  0.0305
 0.07903
  0.1649
  0.1502
 0.04358
  0.2281
 0.07044
  0.3214
 0.09794
  0.4667
  0.2737
 0.08788
  0.2669
 0.07368
  0.1331
   0.263
  0.1009
  0.1567
 0.00189
 0.07945
  0.2484
   0.033
  0.3036
  0.7194
 0.06644
 0.02968
 0.07218
  0.1324
 0.006089
  0.1489
 0.03915
 0.05333
 0.05851
  0.5105
 0.03716
  0.2464
   0.239
 0.01753
 0.06216
 0.01475
  0.1886
  0.1287
  0.2745
  0.2595
  0.3336
  0.3533
 0.05307
  0.4285
   0.276
  0.2526
  0.2893
 0.02349
   0.166
 0.02212
   0.384
  0.4847
 0.03394
  0.4966
  0.1591
 0.06423
 0.05515
  0.1827
  0.1385
 0.05587
  0.1076
  0.2293
 0.00348
  0.1296
 0.05011
 0.08413
 0.02952
   0.332
 0.04573
  0.6887
  0.2294
  0.3421
  0.7736
  0.2501
 0.07866
 0.09681
 0.06889
 0.01478
    0.21
 0.05692
 0.01673
   0.112
 0.04875
  0.1749
  0.1556
  0.2005
  0.1936
  0.1605
 0.04111
  0.1606
   0.163
  0.4065
  0.4811
  0.2033
   0.434
 0.09077
 0.01027
  0.1346
  0.2332
  0.1584
  0.1196
  0.1073
 0.08144
 0.03579
  0.1473
  0.9932
  0.1569
  0.2905
 0.07315
  0.2025
  0.1185
 0.06285
  0.1558
 0.03383
  0.2105
  0.1462
  0.2529
 0.07671
 0.07083
  0.3752
 0.03147
  0.1074
 0.02827
   0.205
 0.003272
  0.3439
  0.1626
  0.4679
  0.1247
  0.1618
  0.2419
  0.3363
  0.1981
  0.3755
  0.1323
 0.06909
  0.2539
  0.2399
  0.2215
  0.1646
 0.01551
  0.1176
  0.5522
  0.2462
 0.05178
 0.07606
  0.5574
  0.0574
  0.6891
 0.0009026
 0.09066
  0.2349
  0.1027
 0.04994
 0.000925
 0.01917
 0.003348
 0.06069
  0.3327
  0.1958
  0.2726
  0.1684
   0.637
 0.03056
 0.004318
 0.06988
  0.4866
  0.2657
  0.3844
  0.3955
  0.1325
 0.07114
  0.4198
  0.1494
  0.4615
 0.01976
  0.1097
  0.5706
  0.3933
 0.07333
  0.1704
  0.2561
  0.1833
  0.1913
 0.05364
   1.477
  0.6287
  0.2781
 0.04268
   0.968
  0.1122
 0.01205
 0.03782
  0.1663
 0.05497
 0.01272
  0.4808
  0.3121
  0.1023
 0.004912
 0.04626
   0.144
  0.2934
  0.1438
   1.104
  0.4885
 0.02544
  0.6387
  0.1037
 0.01339
  0.0439
 0.05025
  0.3375
  0.1396
  0.3084
   0.033
  0.5251
  0.3047
  0.2938
 0.03278
  0.3476
 0.008816
 0.04308
  0.2671
 0.005995
  0.1697
 0.07951
 0.02218
   0.171
 0.09037
  0.2617
  0.2347
  0.0121
  0.2309
 0.07298
  0.2637
  0.2487
  0.2022
 0.09397
  0.3591
  0.1221
   0.251
  0.2625
  0.1495
  0.7287
 0.09466
  0.2435
  0.3561
  0.2854
  0.1834
 0.05092
  0.3466
 0.04307
  0.1181
  0.4334
 0.04247
  0.1818
  0.1949
 0.0006083
  0.3249
 0.07067
 0.009602
  0.2288
 0.06177
  0.2352
  0.1047
  0.4153
  0.1345
 0.07294
  0.2595
  0.1189
 0.05764
  0.3934
  0.5153
 0.05552
  0.2781
 0.08048
 0.09463
   0.029
  0.0409
 0.002732
  0.1328
 0.02173
 0.07087
  0.1746
 0.05285
 0.06724
    0.61
 0.03397
  0.2756
 0.009538
  0.2323
 0.08922
  0.4099
 0.00754
 0.06585
 0.09763
  0.2493
 0.05951
 0.07584
 0.01218
 0.04873
 0.02564
   0.269
  0.4518
   0.257
   0.144
  0.1114
 0.03693
  0.1525
  0.3936
  0.2724
  0.6994
  0.1263
 0.04105
 0.02282
 0.06323
  0.1134
 0.03853
  0.1607
  0.8877
  0.7729
 0.05486
 0.06794
 0.008709
  0.4046
  0.1723
 0.06197
  0.1104
  0.1995
 0.05363
  0.2706
 0.05843
 0.02918
 0.03794
  0.3572
  0.3721
 0.03111
 0.07842
 0.01798
  0.2914
  0.4206
  0.2164
 0.008071
  0.4807
  0.1737
 0.05858
  0.3055
  0.1558
 0.01646
 0.08182
  0.1473
 0.09375
 0.08531
 0.09058
 0.02958
  0.1973
 0.01404
 0.01755
   0.281
 0.01807
 0.04334
   0.178
 0.07094
 0.03719
  0.1454
  0.0978
 0.01246
  0.8832
 0.04906
  0.1222
 0.05993
  0.1048
  0.1165
 0.07677
  0.1848
 0.02433
  0.3838
 0.01869
   0.386
  0.2242
 0.04518
   0.159
 0.09923
  0.1811
  0.4305
 0.04484
  0.2911
  0.1003
  0.1397
 0.08251
 0.06471
  0.2124
   0.114
 0.02133
   0.146
 0.01871
 0.09883
  0.1568
  0.6196
   0.187
  0.7374
  0.2361
  0.1297
 0.09311
 0.05895
  0.1906
  0.6759
  0.4016
 0.07649
   0.128
  0.3861
  0.6022
  0.3586
  0.1805
  0.2362
  0.5422
  0.1935
  0.1514
  0.2453
  0.1968
 0.04547
 0.02574
 0.09021
  0.1052
 0.09618
  0.1605
  0.5362
 0.06948
  0.3093
  0.1104
 0.009612
  0.8285
  0.1187
  0.3351
 0.06346
  0.5677
 0.08639
 0.07995
  0.2153
  0.1175
 0.001082
  0.0411
 0.07547
  0.2115
 0.0008685
 0.05892
  0.6344
  0.2213
  0.1768
 0.02922
  0.1343
  0.1849
 0.04497
 0.04801
  0.1578
  0.1999
   0.014
  0.2563
 0.01447
 0.01311
  0.2689
  0.3323
  0.4048
  0.1019
  0.2197
  0.1823
 0.03833
  0.1011
  0.2847
 0.05623
 0.04818
 0.02828
  0.5884
 0.001903
   0.289
 0.01259
  0.2739
 0.07471
   0.253
 0.01758
  0.3385
  0.3188
  0.2069
  0.1869
  0.1501
  0.1012
 0.08792
  0.1854
  0.1482
  0.1003
  0.1248
  0.2282
 0.06509
  0.1318
   0.595
  0.0288
  0.2178
  0.3544
  0.2518
 0.00395
  0.1433
 0.03074
 0.03534
 0.04698
 0.03838
  0.2583
  0.2665
  0.1221
 0.01868
  0.1577
  0.1399
   0.123
  0.0826
 0.06996
  0.2441
  0.5028
  0.0482
  0.1208
 0.07839
  0.1869
   0.303
 0.08589
  0.2079
  0.1109
  0.1138
 0.05041
  0.3445
   0.127
  0.1267
 0.06847
  0.1117
 0.01906
   0.204
  0.3249
 0.006926
  0.6345
  0.2537
 0.02422
  0.2863
   0.026
  0.0136
  0.2675
  0.3734
 0.01583
 0.04099
  0.1062
 0.04492
  0.3431
 0.06889
  0.0357
  0.8109
  0.5104
  0.4071
 0.09165
  0.0318
  0.1738
 0.05456
  0.3343
 0.00333
  0.2329
  0.0245
  0.2845
  0.3681
  0.4453
 0.03821
 0.001551
 0.08974
  0.2154
  0.1888
  0.6313
 0.09253
  0.0822
  0.2453
  0.2212
 0.06461
 0.04859
 0.09824
  0.5276
  0.2185
  0.1792
   0.313
 0.07374
  0.3963
  0.3545
  0.3455
 0.05258
  0.1377
  0.1111
  0.2572
 0.00639
 0.01355
 0.01439
  0.2003
 0.003699
  0.1337
  0.2437
 0.03162
  0.1545
  0.2253
  0.1805
  0.4281
 0.007439
 0.02003
 0.09675
 0.008878
 0.02594
 0.07896
 0.03471
  0.7635
  0.1967
  0.1969
  0.1447
  0.2724
  0.2214
  0.1362
  0.1896
  0.2218
  0.2554
 0.05217
 0.05593
  0.5049
  0.2172
  0.1385
  0.4519
 0.01087
  0.3786
  0.4559
  0.3311
  0.1772
 0.03852
  0.1418
 0.009084
  0.1662
 0.02844
  0.1259
  0.1565
 0.02264
   0.418
  0.1498
 0.04173
  0.8572
 0.06736
  0.1924
  0.4102
 0.04007
 0.005674
  0.1053
  0.1599
  0.1174
  0.1928
  0.4143
 0.07566
  0.3914
  0.1331
  0.3795
  0.1187
  0.1045
 0.006788
  0.1849
  0.1336
  0.1508
  0.2411
 0.09861
  0.0687
   0.233
 0.005441
 0.003405
 0.02015
  0.5285
  0.2506
  0.1055
  0.1754
  0.1174
  0.2338
 0.03732
  0.5691
 0.02907
 0.03611
 0.03002
   0.519
 0.03857
  0.2441
  0.6546
  0.5064
  0.1694
 0.06676
  0.2089
 0.001407
  0.2592
 0.08662
 0.02906
 0.004121
 0.0005804
  0.4506
  0.3808
  0.1907
 0.06705
  0.1389
 0.06462
 0.07835
  0.1553
  0.1079
  0.1411
  0.1974
 0.09648
  0.1922
  0.3372
 0.00159
  0.2022
  0.3966
 0.04857
 0.003711
  0.4515
  0.2866
 0.005105
 0.08366
 0.01862
  0.3625
  0.1108
  0.3859
 0.008604
  0.1759
 0.005084
   0.234
 0.007995
  0.1553
  0.1105
 0.07051
 0.09751
  0.0816
  0.2991
  0.1422
  0.7144
  0.2901
 0.08518
  0.1831
  0.3585
  0.3817
 0.01727
 0.08636
  0.2515
  0.4618
 0.03706
 0.02349
  0.2017
  0.1684
  0.1805
  0.3935
   0.117
  0.5213
  0.2492
 0.06356
 0.09742
  0.1448
  0.3259
  0.2994
  0.2215
  0.1079
  0.2049
  0.1934
 0.004539
 0.07464
 0.009739
  0.5353
 0.05907
  0.1558
  0.1244
  0.3051
  0.3515
 0.03804
  0.1408
 0.05791
  0.1038
 0.01268
  0.1516
  0.1323
  0.1111
  0.4806
 0.04496
  0.2828
  0.2183
 0.08111
 0.008347
  0.1556
  0.3103
  0.5136
 0.0006316
  0.1648
   0.519
  0.0733
 0.006416
  0.3984
 0.05118
 0.04742
  0.1947
  0.4119
  0.1099
   0.149
 0.09777
  0.1221
  0.1009
 0.09027
  0.1903
  0.9505
  0.2656
 0.02691
  0.3582
  0.1085
 0.07126
  0.1659
 0.09459
 0.07512
  0.3071
   0.366
  0.5695
  0.5671
  0.0659
  0.1786
 0.03341
 0.07904
  0.3637
  0.9449
 0.02731
 0.07419
 0.005498
  0.3377
 0.006376
  0.1904
  0.1403
  0.1382
   0.209
  0.4689
  0.1691
 0.04539
  0.5612
  0.3819
  0.2675
  0.4163
  0.1864
 0.04387
  0.0676
 0.07511
  0.2113
  0.3323
  0.3604
 0.05124
  0.5877
  0.2816
  0.4505
 0.07083
  0.3096
 0.08696
  0.1153
 0.05779
  0.1234
  0.0549
  0.1224
  0.4709
  0.3281
  0.1148
  0.1515
 0.05581
  0.3024
   0.104
 0.09633
  0.1284
