   4.053
    2.29
   4.872
   2.562
   4.017
   3.949
   3.793
   2.107
   1.491
   2.075
   3.679
   4.505
   3.768
   3.943
  0.3622
   1.626
   3.891
  0.3165
   4.021
    3.67
  0.3454
   2.629
   3.865
   1.354
   1.741
  0.1776
   2.828
     3.1
   1.502
   2.308
   2.249
   2.225
   2.556
  0.6006
   1.564
   4.122
   2.019
   1.062
   2.992
   3.456
   0.885
    1.31
   1.222
   1.343
   3.712
   2.758
   3.102
   2.545
   3.308
   2.811
   2.326
   2.651
  0.4243
   2.042
   4.121
  0.2697
   3.436
   1.389
   4.933
   4.215
   3.034
   4.339
   2.119
  0.6911
   1.911
   4.114
   3.631
  0.4853
   4.448
  0.8599
   2.701
    1.15
   1.405
   3.834
   2.537
   4.195
   4.606
   3.593
   1.001
    2.27
   1.625
    4.18
  0.3023
   1.356
   0.477
    0.31
   1.683
   2.953
   4.304
   4.562
  0.1075
   1.265
   1.063
   4.563
   3.946
  0.3862
   3.212
  0.1748
   4.665
   1.495
   2.398
  0.6849
   1.516
 0.03437
   4.145
   1.991
   1.219
   2.904
   2.544
   3.791
   2.653
  0.6456
   4.934
   1.768
   1.543
   4.631
   1.597
   4.778
  0.1479
   4.249
  0.4397
    2.04
   1.945
   4.094
   1.684
  0.3215
   1.322
   1.154
   2.553
   1.126
   3.261
   1.995
   1.962
   2.881
   3.029
   4.952
  0.1991
   3.125
  0.8607
   2.315
    3.62
  0.6965
   1.652
   2.516
   4.331
   2.918
   4.643
   2.317
   4.879
   2.788
   3.107
   3.999
   2.935
   1.166
    4.04
   2.547
   0.989
   3.959
   2.842
   2.837
   1.029
   4.312
   3.013
   1.829
   4.234
   4.792
  0.8336
  0.7462
  0.6601
    4.58
 0.05632
    2.27
   3.928
   1.653
   1.591
   2.724
  0.9086
   4.975
   3.195
    4.26
   1.415
   1.686
   4.156
   2.048
   2.885
   4.285
   4.985
   1.466
 0.07251
    2.82
   2.099
  0.2806
   4.732
   2.076
   2.514
  0.8404
   0.308
   3.762
   3.524
   2.261
   1.622
   3.698
     2.4
   2.615
    4.56
   4.003
   1.065
   1.113
  0.7607
  0.2823
  0.7929
  0.3017
     2.3
   3.814
   1.887
   3.241
   1.383
   3.739
   3.375
  0.6962
 0.02825
   4.247
   2.688
   3.328
   4.756
   1.762
  0.3571
   3.874
   1.278
   2.135
   4.695
   4.341
   4.179
   2.825
   1.484
   3.191
   1.612
 0.09257
   3.667
   2.529
   4.981
   1.183
   1.031
  0.2873
   3.628
   1.517
   4.895
   2.419
   4.523
   1.874
   2.802
 0.08081
    1.95
   0.584
   3.201
   1.822
   2.196
  0.7139
  0.1374
  0.7726
   3.237
   2.253
   2.938
   1.829
   4.425
   4.303
  0.9038
   3.845
   1.177
   2.264
   2.991
   1.813
   4.663
 0.02185
   2.502
    4.06
   1.492
   2.137
   1.773
   4.428
   3.398
   1.032
   1.862
   4.464
   1.931
   4.175
   2.234
  0.6078
   3.145
   1.275
   0.448
   1.381
   2.279
   1.462
   1.849
    4.57
   3.453
  0.4768
   4.252
   4.418
   4.349
   2.861
    2.63
   3.811
  0.9016
   4.142
     3.8
   1.464
   1.986
    3.02
   1.115
    4.11
   4.102
   3.557
   4.148
   3.688
   1.066
   2.364
   3.378
   4.528
   3.696
  0.7897
   4.883
  0.5413
   4.498
   2.104
 0.02107
   2.406
   2.357
    3.69
  0.1234
   4.755
    2.22
   4.228
   1.178
   3.365
   4.789
  0.8869
    3.52
   2.343
   1.203
   1.508
   1.515
   1.311
   2.729
   1.793
   3.253
   2.599
  0.4482
   2.495
   0.229
   3.427
   4.944
   1.601
   2.035
   3.099
  0.9878
   1.524
   1.047
  0.1813
   2.231
   1.285
   2.111
     4.7
  0.8862
   3.708
    2.23
  0.3201
    2.42
   2.601
   0.254
    1.54
  0.2385
   4.945
   1.567
  0.8726
  0.3731
   3.084
   2.771
   1.038
   1.171
   1.911
    1.38
   2.149
   2.981
   1.054
  0.4998
   3.896
   2.842
   2.065
   3.522
    2.74
   4.168
  0.6079
   3.808
   4.095
    1.44
   3.646
   4.378
   4.519
   4.888
   1.627
   2.597
   3.899
  0.1849
  0.6755
   4.863
    2.64
   3.128
   4.774
   1.296
   3.851
   4.329
   2.956
  0.4241
  0.5366
   3.903
    1.49
   3.869
   2.778
   1.154
   1.071
   1.039
   4.926
   4.263
   4.001
    3.81
   2.786
   4.975
   1.384
   1.217
  0.8064
   3.287
  0.3104
   4.142
   4.264
   2.136
   1.043
   4.999
   1.456
   2.086
   4.206
   2.422
  0.8812
   1.015
   2.974
  0.9559
   3.434
   3.802
  0.2554
  0.7383
   4.588
   2.018
  0.8852
   2.192
   1.583
   3.609
   3.808
  0.7086
  0.6161
   2.585
   4.267
    1.34
   4.025
    3.71
  0.9935
   3.483
   2.479
   2.187
   3.391
   0.567
   2.164
   3.343
   3.724
   4.743
   1.972
   2.323
   4.308
   1.569
  0.6853
   3.773
   4.692
     4.7
   4.169
   1.528
   3.852
  0.5739
   2.555
     3.3
   2.373
   3.099
   2.428
  0.3649
   4.639
   3.341
    4.02
   2.252
    1.02
   4.214
   3.388
   1.429
  0.0629
  0.1617
   4.609
   2.991
   0.672
   1.851
   1.967
   4.347
   4.302
  0.8568
   2.134
   4.909
   2.145
   4.348
   1.366
  0.7771
   2.316
    4.78
   2.684
   4.429
   2.039
   4.574
   3.067
   4.407
   4.842
  0.8144
  0.6333
 0.005787
   2.735
   4.928
   1.833
  0.9582
   3.403
   2.377
   3.635
   2.125
   2.393
   2.342
  0.7097
   3.181
  0.3009
   2.413
   2.624
   3.304
   4.958
   3.277
   1.021
  0.8593
   3.619
   3.402
   1.816
   3.091
  0.1516
   3.728
   2.376
  0.8062
   2.222
   2.353
    3.71
   3.065
   3.481
    4.22
    2.66
   1.867
  0.7554
  0.8057
   4.084
   1.838
   1.232
   4.808
   3.045
   4.919
   4.647
   4.832
   1.998
 0.05145
  0.4731
  0.0802
    2.98
   2.868
  0.1058
 0.03601
   4.794
  0.3786
   4.053
   4.155
  0.1979
  0.6554
   4.121
   1.551
   3.093
   2.524
   0.602
  0.6825
  0.7116
  0.2499
   4.463
   4.042
   0.801
   3.224
   4.532
   2.844
   3.815
  0.6532
   4.685
   1.708
  0.1014
   1.245
   1.036
   3.351
   2.085
   2.898
    4.12
   3.274
   1.461
   2.386
   1.087
   4.448
   1.378
 0.04875
   2.883
   2.002
   3.627
   4.477
   1.442
    2.91
  0.8315
     2.2
    1.87
  0.6807
   3.629
   2.377
   4.637
 0.04261
   2.866
   1.479
   2.758
   1.633
   1.777
   2.979
   3.989
   1.684
   3.181
   2.042
   3.006
   1.711
   1.662
  0.2076
   3.598
   3.201
  0.7591
 0.07987
   0.853
     2.3
  0.1557
 0.01585
   3.345
   4.496
   2.864
   3.812
  0.3204
   4.314
   2.413
  0.3901
    3.89
   4.998
 0.03887
   3.489
    1.21
   3.201
   1.869
   1.347
   1.677
   3.671
    1.11
   1.395
   4.107
    3.94
  0.2392
   4.936
   3.929
   4.008
   3.185
   1.843
  0.3736
   1.038
   2.522
   0.236
   3.653
   4.034
   1.652
   1.178
   2.157
   3.537
   1.996
   3.358
   4.635
   1.305
  0.1791
   2.778
   2.385
 0.007701
  0.2204
   2.443
   1.443
   2.908
   0.718
   2.049
   4.766
   3.554
   2.038
   2.666
   4.425
  0.4629
     3.5
   1.431
   3.789
    1.81
  0.5699
   1.231
   4.712
  0.1184
    2.04
  0.3933
   4.725
   1.942
   2.221
   2.373
   4.217
   2.556
    3.13
  0.4384
   3.627
  0.6451
   1.676
    2.36
  0.6307
   2.988
   1.847
  0.0985
   2.328
   4.148
   1.901
    4.49
   2.428
   1.159
   1.548
   4.938
   3.442
   3.211
   4.143
   4.094
   3.865
   1.342
   3.871
   2.551
   0.367
   3.123
   2.933
    3.53
   4.978
   2.345
   3.735
   2.565
   2.279
   3.707
   1.078
   2.192
   1.584
   2.505
   4.342
   1.638
   4.136
   4.316
   4.672
   1.504
  0.2837
    4.69
   2.172
   3.458
   1.678
   3.833
   3.086
   4.918
   3.456
     1.3
    1.99
   3.745
   1.427
  0.6754
   3.975
   2.923
   4.263
   4.266
   1.839
  0.2516
  0.6844
   2.788
   3.272
   3.034
   1.648
 0.05184
   3.045
    2.76
   2.534
   2.651
  0.1955
   4.799
  0.3343
    4.65
  0.2159
   3.084
  0.8399
   2.271
   2.242
   4.799
  0.8279
   3.585
   1.239
 0.06905
  0.2489
   3.191
  0.1904
   1.645
   4.415
   1.913
   2.284
   4.592
   1.188
   1.482
   3.101
  0.9773
   3.164
   4.223
   2.802
   4.559
   4.865
   2.746
   3.315
  0.4708
   4.924
   4.632
  0.5237
   4.911
   3.271
   2.119
   1.455
    4.83
   3.325
   1.791
   1.463
   2.617
   4.176
   4.265
   1.424
  0.7894
   2.779
    3.88
   4.915
   1.679
   1.133
   3.381
  0.4082
   2.118
   3.478
   3.612
   3.455
   3.129
   3.475
   3.196
   3.874
   4.612
   1.397
   3.231
   2.939
 0.03164
   1.316
   1.969
  0.5676
   1.103
   3.291
   4.511
   2.506
   2.482
  0.5532
    2.49
   2.519
   1.451
   1.697
   3.759
   4.576
   2.607
   2.863
   2.081
 0.03796
   2.548
   4.932
   1.813
   4.848
   4.563
   0.705
   2.595
   1.716
   3.317
   2.096
    4.04
   2.306
    4.54
   2.318
  0.4163
   4.425
   4.714
   3.069
  0.3403
   4.211
  0.7586
   1.723
    1.46
   3.319
   4.723
   3.513
  0.1459
   1.109
   3.469
   3.723
   1.174
   1.834
   3.362
   4.871
   2.419
   1.826
   4.955
     3.9
   4.536
   1.685
    2.68
   4.366
  0.6523
   3.467
   4.531
   3.621
   1.054
    2.87
   1.755
 0.004274
   2.872
   1.422
    3.54
 0.02987
    4.77
   3.668
   1.699
  0.5722
   1.633
    4.36
  0.3605
   1.055
   4.255
  0.6396
  0.6541
  0.6378
   4.024
   4.231
  0.3995
  0.4045
   2.612
   3.625
   3.793
    0.55
   1.663
   1.268
   1.096
   2.568
   2.476
  0.7473
   3.321
   1.439
  0.6991
   3.983
    1.92
   2.817
   1.012
    3.41
   3.473
  0.2173
   1.815
   4.171
   4.374
   2.204
   4.917
   1.299
  0.5175
   4.577
  0.2219
   1.908
   1.989
   2.561
  0.4182
    2.38
   2.752
