  0.1059
  0.1076
 0.04097
  0.0309
  0.9048
  0.3055
  0.5863
  0.2912
   1.021
  0.1071
  0.6928
  0.7306
  0.2035
  0.2949
  0.4463
 0.09054
 0.06375
   0.414
  0.5644
 0.04953
   0.015
    0.71
  0.5485
   1.207
  0.9221
  0.5572
    0.32
   0.281
  0.2323
   1.366
  0.1989
   0.336
   0.381
  0.6562
  0.9343
  0.3563
  0.2586
  0.2221
 0.04231
 0.03012
  0.1673
  0.7925
  0.4541
  0.2657
  0.7211
  0.1484
  0.3701
 0.06316
  0.7555
  0.7209
  0.4851
  0.4103
  0.5725
  0.6019
   0.212
  0.3609
  0.1753
   0.238
   1.189
  0.6343
   2.039
  0.4616
  0.2037
  0.2834
  0.6109
   0.129
  0.3859
   3.357
 0.04496
  0.6426
  0.2307
  0.2607
  0.3206
  0.6724
  0.5842
  0.9605
 0.001356
  0.5454
  0.2755
  0.1858
  0.5379
  0.1047
  0.4988
 0.04191
  0.2071
   1.022
  0.4144
  0.2263
   1.233
  0.5911
  0.6506
  0.8587
  0.1749
  0.5002
   1.497
 0.06987
  0.3347
  0.1207
  0.2867
  0.4089
  0.5454
 0.04312
  0.9077
  0.3631
  0.1231
  0.4073
  0.1843
 0.06586
   0.895
  0.1107
  0.4262
   0.739
  0.3883
  0.2314
   2.231
  0.5812
  0.7642
  0.8077
  0.4595
  0.3384
  0.3279
 0.07955
  0.1215
  0.7269
 0.04662
  0.4045
  0.3036
  0.4755
  0.5433
  0.1264
  0.8647
  0.1245
   1.258
   1.715
  0.7244
  0.2719
  0.1787
  0.7561
  0.6647
  0.1459
 0.01822
  0.2487
  0.1467
  0.3824
  0.1138
   0.915
   1.825
  0.2653
  0.7919
 0.01177
  0.6728
   1.318
  0.7453
  0.1581
  0.5282
  0.4428
  0.0789
   1.158
 0.07053
   1.225
 0.005302
  0.7696
   1.903
 0.007698
  0.5008
   1.202
  0.2851
 0.07967
  0.3479
    1.39
   0.145
  0.1599
   0.249
  0.7455
   0.687
  0.4968
   0.282
 0.06815
   1.017
  0.1677
 0.08451
  0.0352
  0.1508
  0.6107
  0.4311
  0.4539
  0.1919
  0.1894
   0.142
  0.1138
  0.1509
 0.03184
  0.1876
  0.2827
  0.1011
   1.837
  0.4408
  0.2898
 0.06787
  0.6565
  0.4604
  0.4144
 0.07455
   0.122
  0.5754
   1.056
  0.2022
 0.04632
 0.001826
  0.7245
    1.55
  0.2064
  0.5199
  0.3142
   0.294
  0.9604
  0.5561
  0.5319
  0.3428
   1.982
 0.09561
   2.437
  0.0658
  0.0466
  0.2161
  0.5919
  0.6362
 0.06944
  0.4104
 0.04692
 0.06581
  0.1126
  0.2418
  0.1037
  0.5651
 0.05985
  0.5875
  0.1341
  0.1732
   1.425
  0.6062
  0.1672
  0.3596
  0.4617
 0.02506
  0.6937
   0.426
  0.2592
  0.9046
   1.891
  0.3138
  0.4783
   0.615
  0.8025
 0.0005391
 0.01359
   1.182
  0.0542
   1.017
  0.3583
  0.2048
  0.2472
  0.6105
  0.4468
  0.4934
  0.2085
 0.08043
   2.549
  0.1092
  0.2352
   1.196
  0.1255
  0.1848
  0.1215
   0.869
 0.05825
 0.07778
  0.2993
   1.318
  0.2467
  0.9627
 0.04983
  0.3563
  0.1445
  0.4963
 0.08425
 0.09625
   1.184
   0.712
  0.1052
   1.219
  0.0823
  0.5947
    1.03
 0.08323
   1.326
 0.06088
  0.4053
   0.899
   1.108
   1.953
   0.886
  0.3091
   1.599
  0.4636
 0.04768
  0.0931
   1.108
  0.6246
 0.05163
  0.7811
  0.9153
  0.3529
  0.3872
   1.193
   1.249
  0.6372
  0.4476
   1.306
  0.7116
  0.5888
  0.3328
 0.07028
 0.04242
  0.2721
  0.0354
  0.6921
  0.1432
  0.4928
  0.2248
 0.00787
  0.9017
  0.8673
 0.07012
  0.1319
  0.1023
  0.2309
  0.2909
  0.8903
   1.885
  0.3858
  0.1273
  0.2907
  0.7716
  0.4264
  0.9193
   1.427
  0.5212
  0.7176
  0.5102
   0.385
  0.4785
  0.3322
    0.37
  0.8201
  0.2014
  0.1711
  0.3553
  0.7451
  0.4344
    1.45
  0.1727
   1.817
  0.9762
   0.355
  0.8277
  0.3486
   1.335
  0.2443
  0.7987
  0.0472
  0.2548
  0.2543
  0.2243
 0.08781
   0.151
    0.91
  0.3796
   1.123
  0.3185
  0.3832
  0.8877
  0.1694
   0.355
   1.268
  0.8909
  0.1234
   1.357
 0.04546
  0.6449
  0.3569
   1.556
  0.9501
   1.047
   2.282
   2.334
  0.8453
  0.2519
  0.4024
  0.1292
  0.2863
   0.588
  0.1287
  0.1048
 0.04022
  0.0202
  0.1321
  0.1741
 0.04173
  0.0773
 0.02286
  0.2726
  0.8623
  0.5951
  0.3071
  0.3151
  0.7559
   1.437
  0.5252
   1.257
  0.4488
  0.1423
  0.1354
  0.2596
 0.06646
  0.5214
  0.2114
  0.1534
  0.3738
  0.2743
  0.5476
 0.05655
  0.1777
  0.5308
  0.3706
  0.2372
  0.2192
  0.7812
   1.371
   1.248
  0.0424
  0.1154
  0.5619
  0.3733
  0.2575
  0.7273
  0.2025
  0.3719
  0.9244
  0.2469
  0.2405
   0.192
  0.4429
  0.4695
  0.1354
   1.614
  0.3973
 0.07269
  0.1932
  0.6188
  0.2744
  0.2723
 0.06471
   0.458
  0.7082
  0.1221
   0.151
   2.824
 0.006494
 0.07833
  0.4019
 0.08866
  0.4877
  0.1449
 0.03434
  0.8565
 0.03031
  0.4265
  0.1059
  0.6211
    1.11
  0.6045
  0.5937
 0.08978
  0.9607
  0.2076
  0.7833
  0.5289
   1.167
   1.026
  0.1102
  0.2225
  0.1674
   1.262
  0.1126
  0.6691
  0.4483
   1.207
  0.6365
 0.03979
  0.8929
  0.5036
  0.2262
 0.03104
   0.333
  0.8338
  0.3467
   0.202
  0.4243
  0.5237
  0.1883
    0.03
  0.6141
   0.264
   1.023
  0.3335
 0.09422
   1.776
 0.09957
  0.3603
   1.756
   0.245
  0.1494
  0.1393
   1.122
   0.302
  0.1038
  0.4011
  0.4389
  0.1552
  0.1008
  0.5236
  0.4513
  0.7825
  0.5269
  0.5134
  0.3011
  0.2691
  0.1489
 0.05018
  0.6421
  0.3708
   2.035
  0.4544
 0.03691
 0.02405
  0.1057
  0.1909
  0.1952
 0.01777
    0.58
  0.4266
  0.3783
  0.1205
  0.7637
  0.2498
 0.01633
  0.4011
  0.2233
 0.03794
  0.3622
  0.8488
   1.328
  0.6841
 0.04206
 0.07816
  0.5954
   1.396
  0.1803
  0.4553
  0.4834
 0.07553
  0.1738
  0.6522
  0.3266
  0.2222
  0.7233
  0.0772
    1.37
  0.5813
 0.04683
 0.03186
  0.4461
   1.002
   0.228
   1.073
 0.02725
  0.9177
  0.3272
  0.6853
 0.0005626
  0.2026
 0.09109
  0.0482
   0.139
  0.2528
 0.03742
   0.129
  0.7552
    2.01
  0.8534
    1.09
   1.013
  0.3444
 0.03343
  0.7931
 0.04442
  0.2349
  0.4206
  0.1305
  0.2444
  0.4944
  0.1448
  0.4374
   0.095
   0.271
  0.1489
   1.299
  0.2153
  0.4788
 0.009878
  0.4194
  0.2483
  0.2255
  0.1921
  0.4879
  0.2576
  0.5034
  0.2154
  0.4222
  0.1004
  0.8124
  0.7593
  0.8444
  0.1668
  0.1112
  0.8506
  0.1471
 0.04194
  0.5642
  0.1539
  0.9111
  0.8734
 0.09354
  0.4465
 0.06972
  0.6297
  0.1539
   2.146
    1.03
   1.547
  0.6964
  0.2822
  0.3971
  0.8365
  0.1079
  0.7016
   1.422
  0.5871
  0.3366
  0.5949
  0.6093
  0.1028
  0.2837
   1.776
   1.226
  0.0801
  0.1619
  0.2028
   0.509
  0.6875
  0.1747
   0.503
  0.3466
  0.3813
  0.2126
   1.095
  0.1334
  0.3475
  0.2865
  0.2029
  0.1475
 0.08055
  0.1629
  0.3433
   0.123
  0.3939
  0.9745
  0.1459
  0.4329
  0.2461
   2.558
   1.105
 0.08788
 0.03723
   1.168
 0.09364
  0.6258
  0.6777
   0.714
  0.2502
  0.3249
  0.2282
  0.1514
  0.3064
  0.6852
  0.7842
  0.1033
   1.297
  0.2781
  0.8263
   1.651
 0.04202
  0.4652
    0.12
  0.1286
   2.922
 0.05788
   1.024
  0.2428
  0.4546
  0.0345
  0.7511
  0.0981
  0.6282
  0.3192
 0.06459
  0.1405
 0.08758
  0.6869
  0.2134
  0.5725
   0.756
  0.1811
  0.1238
  0.4668
  0.3646
 0.05694
   1.065
   0.641
  0.3301
  0.1362
   1.263
   1.049
 0.004347
  0.3027
  0.2807
  0.4958
  0.6253
  0.6988
 0.03706
  0.8218
  0.4191
   1.369
 0.07427
 0.03823
   1.515
 0.09179
  0.4777
   0.336
  0.6404
  0.3924
  0.1406
 0.03759
  0.1588
  0.5216
  0.4426
  0.2255
   0.451
 0.06171
 0.04347
   2.111
  0.2103
  0.1122
 0.06224
  0.1177
   1.146
   0.202
 0.04109
  0.3628
   0.279
  0.5695
  0.2788
 0.08414
   1.455
  0.6301
  0.6971
  0.6217
  0.2397
  0.7569
  0.9021
  0.5508
  0.5062
  0.5054
  0.6299
   1.655
   0.529
  0.0208
  0.6965
  0.4117
  0.3165
  0.1802
  0.5687
 0.003176
  0.1691
  0.9344
  0.5706
   2.402
  0.3806
  0.7379
  0.2921
   1.256
   1.265
  0.2739
  0.1244
  0.3085
  0.3591
   1.417
   1.154
 0.06586
  0.7664
  0.9155
 0.03237
  0.8335
   0.578
  0.4046
 0.02165
   0.244
  0.6067
 0.007182
   2.513
   0.132
   1.283
  0.1107
   1.504
  0.8485
 0.04993
  0.6079
   1.112
   0.147
   0.588
  0.1803
  0.8082
   1.016
   1.805
  0.3564
  0.6571
  0.7025
 0.02525
 0.07603
       1
   0.208
   1.428
   1.054
  0.4319
    1.51
  0.5239
  0.8901
  0.3512
  0.2323
  0.1137
 0.05238
  0.4507
  0.2615
    0.67
  0.2041
 0.09817
   0.297
  0.3982
  0.1826
 0.01645
 0.01503
 0.08491
  0.3057
  0.2873
  0.2535
  0.2284
  0.3221
  0.1383
 0.03562
  0.2059
   0.939
   1.303
    0.25
  0.5072
  0.2787
  0.5451
 0.06329
  0.1855
   2.903
  0.2424
    1.51
   1.372
   0.879
  0.8996
  0.0628
  0.5938
  0.1395
  0.5159
   1.336
  0.2812
  0.1017
  0.2415
  0.2138
  0.6157
  0.7277
  0.4982
   0.384
   1.073
  0.9446
 0.01664
  0.2846
 0.08619
  0.4465
  0.2277
  0.1886
   0.525
 0.008865
  0.4585
   0.212
  0.2975
  0.4372
   1.639
 0.08493
  0.5715
  0.6546
   2.811
  0.2517
   0.428
  0.3034
  0.4942
  0.1763
  0.3667
   1.017
  0.1277
  0.1377
 0.06884
  0.7176
   0.545
  0.1895
  0.1804
 0.08864
  0.2436
   1.067
  0.1734
   1.166
  0.3127
 0.07175
  0.7172
  0.0995
  0.5526
   0.543
  0.9361
 0.06409
  0.3673
 0.008992
  0.1248
   0.206
  0.2237
  0.1581
 0.08701
  0.3473
  0.2658
  0.4311
  0.4567
   1.116
  0.9183
  0.6726
  0.1109
   1.832
  0.8496
  0.7286
  0.2619
    1.47
  0.4358
  0.2926
  0.3699
  0.1892
  0.3516
   1.074
  0.7005
  0.2964
  0.0818
 0.05312
  0.1673
 0.07571
  0.2073
  0.4189
  0.2049
  0.1006
  0.1171
   0.748
  0.1307
   1.216
   0.163
   0.815
  0.2979
  0.7698
  0.3565
   1.041
  0.6023
