   147.9
     105
   76.15
   93.48
   92.51
     138
   151.8
   28.44
   9.564
   126.9
   188.2
   24.08
   89.78
    62.6
   118.9
   55.34
   155.8
   74.98
   50.44
   30.67
   47.83
   121.6
   50.97
   78.12
   9.007
   75.09
   137.7
    35.4
   76.16
   8.761
   65.35
     134
    67.3
   85.12
   110.1
   91.05
   166.1
   45.69
   61.67
   191.7
   113.7
   94.11
   7.253
     182
   190.9
   187.2
   119.9
   151.8
   12.13
   122.2
   49.07
   25.09
   104.6
   21.31
   102.3
   45.08
   105.2
   21.48
   38.76
   64.98
     141
   161.9
   51.63
   33.29
   20.63
   73.38
   158.9
   80.77
   17.95
   60.17
   190.8
   10.56
   63.68
   192.2
   175.4
   181.2
   130.9
   193.2
   127.2
   1.675
   23.63
   124.6
    34.6
   8.562
   160.3
   74.43
   46.53
     162
   168.6
   45.93
   62.02
   131.8
    66.5
   44.11
   115.8
   180.5
   51.44
     163
   166.7
   56.43
   89.48
   75.75
   85.33
   75.75
     102
   116.6
   39.79
   15.55
   152.2
   173.9
   84.92
   195.9
   34.87
   175.5
   150.1
   173.9
   59.56
   175.3
   26.61
   24.66
   43.52
   42.71
   151.5
   30.65
   95.08
   146.6
   2.796
   171.4
   4.242
   49.29
   77.35
   11.81
   26.27
   185.7
   87.24
   182.1
    73.2
   159.4
   141.4
   76.82
   99.45
   23.54
     136
   131.2
   89.37
   169.2
   140.5
   116.8
   44.79
   19.16
   185.6
   24.83
   171.6
   105.1
   52.17
   153.3
   71.31
   164.7
   54.74
   198.8
   121.6
    24.5
   34.04
   139.7
   70.84
   85.31
   140.6
   124.3
   20.81
   15.93
   26.17
   159.8
   16.08
   34.39
   25.57
   199.3
   31.67
     199
   148.9
   30.05
   159.6
   97.32
   69.53
   156.3
   198.4
   127.4
   106.1
   95.52
   38.72
   191.6
   16.63
   57.37
   48.97
   181.9
   179.7
   35.83
   67.72
   66.85
   189.4
    95.2
   187.4
   177.5
   36.26
   59.22
   144.7
   100.7
   95.57
   195.1
   104.3
   159.1
   119.4
   106.5
   49.45
   105.1
   20.44
   14.85
   167.3
   3.847
   58.35
   50.11
   40.84
   121.7
   31.51
     139
   28.96
   17.85
   60.49
   92.04
   60.45
   24.62
   177.6
   88.59
   19.39
   140.4
   115.6
   166.9
   130.7
   116.9
   91.07
   112.3
   151.8
   142.9
     195
   140.9
   155.9
   135.7
   181.4
   191.3
   122.1
   26.76
    51.9
   10.84
   121.2
   48.22
   43.39
   39.44
   105.1
   23.55
   18.32
   103.1
   92.56
   51.88
   49.45
   98.22
   157.4
   196.9
   9.374
   78.64
   17.78
   176.1
   155.1
   143.6
   18.65
    44.6
   120.6
   127.1
   124.5
   83.41
    98.3
   82.31
   106.1
   90.42
   30.81
   170.5
   124.4
   64.44
   195.3
   150.5
   121.8
   93.31
   196.3
   62.77
   8.575
   42.92
   146.8
   117.9
      48
    42.3
   59.47
   186.2
   48.39
   172.7
   32.69
      84
   146.4
   156.5
   39.34
   58.71
   197.8
   41.57
   113.3
   79.79
   162.8
   89.09
   138.1
   124.9
   93.81
   64.66
   33.33
   67.85
   122.8
   121.4
   140.3
   163.8
   51.03
   91.03
   15.73
   141.4
   132.6
   167.8
   10.96
   85.33
   67.07
   199.9
   65.87
   126.1
   180.7
   173.9
   94.25
   128.7
   21.34
   103.4
   170.4
   177.5
     137
   116.1
   118.8
   66.74
    73.1
   142.2
   98.44
   183.4
   151.4
   2.128
   192.6
   2.108
   64.46
   90.47
   197.3
   162.4
   56.89
   69.82
   6.885
   167.9
   117.4
     152
   198.7
   64.77
   164.9
     190
   30.35
   131.7
   36.58
   163.3
   14.67
   170.1
   71.96
   65.62
     116
   188.9
   105.8
   191.2
   135.7
   92.86
   52.36
   27.75
   98.04
   168.3
   92.39
   134.5
   38.47
   174.9
   63.26
   40.52
   190.3
   29.54
   43.77
   122.3
   176.1
   92.76
   142.6
   99.17
   189.7
   61.56
   88.08
   115.4
   187.1
   51.57
   11.35
   31.04
   73.58
   87.06
   36.32
   106.1
    89.1
     188
   68.06
   92.55
   198.7
   59.31
   178.4
   117.5
   80.34
   172.5
   195.3
   173.2
   107.1
   62.17
   88.86
    5.05
   141.3
   4.839
   157.4
   193.7
   118.2
   111.1
   20.39
   53.07
   34.66
   14.55
   197.7
   105.6
   134.7
   153.1
   107.3
   179.1
   101.7
   64.73
   43.07
   90.82
   40.68
   66.82
   166.9
   132.7
   67.92
   149.1
   98.53
   163.2
   99.55
   60.52
   97.14
   92.59
   38.11
   192.8
   53.79
   168.8
   158.1
   75.01
   76.02
   69.56
   98.48
   52.86
   77.44
   183.6
   44.39
   181.7
   163.3
   105.5
   117.6
   114.7
   20.91
   115.8
   164.9
   184.6
   101.5
   74.32
   144.2
   98.32
   15.48
   103.8
   111.5
   18.38
   112.2
   80.16
   9.705
   53.44
   74.26
   117.8
   54.24
   146.2
   99.52
   59.15
   123.5
   160.3
   92.21
   159.3
   144.6
   166.7
   48.72
   177.6
   80.67
   132.7
   45.14
   61.87
   117.5
   8.541
   25.75
   35.71
   54.31
   14.09
   188.7
   88.17
   87.05
   128.5
   177.4
   61.06
   199.1
   177.5
   63.37
   133.9
   148.7
   119.3
   134.4
   115.1
   53.91
   131.6
    86.5
     126
   180.5
     102
   6.202
   90.59
   134.1
   112.5
   159.3
   22.22
   41.45
   129.3
   182.2
   110.1
   140.2
   89.14
   64.69
    10.7
   169.2
   185.7
   137.5
   128.6
   152.3
   160.8
   64.64
   111.5
   186.6
   187.2
   25.22
   131.8
   32.58
   159.6
   103.8
   176.9
   95.97
   180.1
   79.24
   136.9
    22.8
      48
   8.826
   90.15
   79.79
   142.8
   17.26
   191.8
   146.9
   118.3
   85.01
   163.6
     103
   183.8
   35.88
   176.9
   12.29
   196.1
   121.6
   143.9
   111.9
   144.6
   14.49
   3.411
     3.6
   39.02
   187.8
   7.414
   34.11
     196
   112.4
   11.66
   88.88
   131.9
   35.36
     160
   176.5
   42.62
   171.6
   175.2
    18.5
   95.22
   94.17
   43.27
    31.5
   116.5
   115.1
   100.5
   121.2
   78.25
   78.84
   125.2
   67.65
   184.3
   145.7
   22.26
     110
   161.7
   182.8
   108.7
     138
   143.4
   149.1
   7.268
   77.35
   158.9
   83.38
   125.9
   76.75
    21.7
   91.66
   153.4
   96.98
   13.81
   135.7
   140.9
    97.7
   176.6
   20.74
   191.5
   24.99
   198.9
   178.8
   148.9
   196.8
   101.2
   64.52
   82.62
   96.81
   123.4
   132.5
   176.2
   152.5
   16.17
   33.99
   17.96
   131.2
   122.9
   196.4
   81.31
   122.4
   73.79
   20.01
    20.7
   127.4
    66.8
   54.18
   151.7
   46.65
   158.9
   194.3
   145.2
   65.72
     154
   67.09
   109.1
   45.54
   87.94
   13.34
   78.77
   107.1
   116.9
   80.36
     104
   21.84
   6.983
   9.566
     137
   194.6
   17.67
   20.06
   119.4
   58.65
   192.6
   199.2
   69.49
   53.74
   48.99
   92.09
   169.1
   21.36
   57.16
   82.27
   54.89
   187.4
   136.1
   185.2
   99.14
   154.8
   138.4
   35.74
     104
   84.79
     136
   69.94
   184.5
   87.96
   109.7
   119.4
   59.72
   12.39
   35.94
   194.8
   134.5
    28.4
   173.1
    75.7
     194
   19.09
   153.1
   93.97
   87.33
   164.9
   64.19
   126.2
    13.9
   135.1
   139.2
   178.6
   13.34
   70.55
   47.23
   175.3
    52.6
     173
   174.4
   144.8
     113
   95.89
     119
   8.885
   78.35
   125.7
   171.5
   167.1
   20.89
   174.7
   8.826
    91.1
   89.49
   166.5
     174
   103.4
   198.6
   23.24
   173.8
   170.7
   115.5
   51.83
     157
   90.99
     144
   134.9
   7.329
   77.42
   17.83
   116.8
   26.96
   149.3
   181.7
   188.7
   28.73
   119.7
   87.19
   80.59
   20.19
   179.6
   70.83
   43.68
   91.71
    89.9
   48.28
   41.88
   105.5
   163.8
   198.3
   137.5
   180.6
   60.24
    54.9
   80.62
   183.2
   164.8
   186.3
   92.95
   12.44
   183.7
   92.99
   59.12
   85.46
   127.2
   85.95
   111.4
   31.68
   97.31
   179.5
   20.04
   172.7
   76.77
   178.6
   176.3
    17.5
   115.6
   163.6
   186.4
   140.2
   119.8
   179.7
   53.59
   78.61
   37.33
   124.5
   165.5
   12.76
   45.47
   34.58
   87.62
   56.35
   139.8
   172.3
     143
   144.7
     122
     118
   6.939
   121.6
   184.3
   50.63
   87.09
   25.92
   101.2
    39.5
   118.5
     178
   12.86
   130.8
     146
   73.08
   14.86
   36.94
   113.6
   60.47
   145.5
   19.44
   51.48
   37.31
   174.7
   180.1
   62.97
   132.8
   188.1
   150.2
   113.6
   198.3
     177
   172.1
   18.47
   93.35
   26.08
   191.8
   26.78
   170.5
    97.3
   144.8
   13.48
   168.9
   24.08
   43.12
   63.76
   96.81
   91.58
   62.44
   62.66
     120
   30.36
   32.11
   80.63
   51.69
   197.9
   119.2
     162
   36.67
   173.1
   119.8
   113.8
    41.3
     137
   142.6
   89.98
   139.6
   64.31
   99.29
   181.1
   3.366
   108.7
   189.8
   4.171
   183.1
   192.8
   192.8
   82.69
   6.187
   194.5
   150.4
   43.67
   51.95
   133.4
   56.75
     197
   49.67
   158.6
   144.2
   129.9
   159.6
   138.4
   174.4
   87.74
   65.31
   45.45
   122.7
   165.5
   55.22
   143.5
   65.41
    96.2
   115.2
     179
   68.72
   34.63
   15.31
   164.6
   76.25
   146.8
     193
     168
   195.2
   199.7
   49.14
   100.1
   186.7
   145.5
   25.03
   100.5
   149.2
   109.5
   97.54
   127.6
   9.419
   178.4
   65.14
   144.8
   6.705
     189
   32.94
   108.1
   183.4
     114
   101.8
   152.5
   73.91
   48.89
   57.33
   182.1
   184.6
   1.222
   54.05
   55.85
